Lamia	2873	2800	2696	2952	3369	3349	3911	3939	4324	3720	3514	3019	2500	2154	2369	1988	1456	629	323	108	13	0	38.90023495668129	22.431618111511824	50
Aghia_Paraskevi	48	61	39	53	33	70	88	51	73	79	52	53	41	56	60	44	36	11	6	3	0	4	38.901184318985564	22.488571659872914	54
Anthili	75	69	97	100	108	94	87	100	145	113	135	118	82	88	96	87	55	29	12	3	0	8.5	38.84992654571895	22.478834723978885	32
Divri	4	1	16	9	11	10	4	12	18	14	14	13	5	9	16	22	8	6	0	0	0	17.2	38.97616823961847	22.45293483263469	830
Thermopyles	4	11	12	18	18	11	11	17	23	20	16	21	18	22	27	29	11	3	3	0	0	17.6	38.7992080157623	22.54527613425492	55
Kalamaki	5	11	11	4	5	9	12	16	7	5	9	11	11	9	18	15	11	4	0	0	0	19	38.92090700098821	22.495348410685814	780
Komma	19	18	16	27	18	29	44	41	28	31	44	47	26	22	32	22	20	8	0	0	1	5.7	38.856473946298856	22.433690769951074	14
Kostalexis	12	14	21	24	24	15	23	21	36	23	25	25	30	23	33	24	12	11	0	1	0	10.2	38.85792841140834	22.36408631156145	120
Lygaria	31	37	49	45	39	38	51	44	62	68	52	42	54	26	40	27	26	15	2	0	0	9.7	38.939366061682236	22.355356544923847	160
Megali_Vryssi	69	47	45	62	53	65	90	94	69	60	66	71	53	49	45	26	16	9	0	0	0	3.9	38.89420959550965	22.472725763839	30
Roditsa	194	180	174	205	185	253	275	258	262	240	263	223	239	154	164	101	77	36	24	1	1	3.6	38.88851299378916	22.46386233061484	30
Stavros	128	115	150	127	143	171	197	206	186	187	188	168	148	79	102	75	55	37	18	7	2	5.4	38.89067874988465	22.382031235036543	100
Frantzis	39	34	45	33	32	52	52	55	50	49	56	59	50	56	46	26	23	7	5	6	0	2.3	38.89047955156152	22.423317825024952	130
Aghios_Georgios_Fthiotidas	13	10	13	15	16	24	25	20	21	20	26	37	38	40	39	48	45	22	6	2	0	46.5	39.130071510050556	22.297490486634537	386
Vitoli	7	10	6	3	0	11	8	16	25	13	16	15	11	25	28	25	17	6	3	0	0	37.9	38.93632446200217	22.034826723399117	230
Dikastro	12	4	4	5	16	27	23	18	7	18	19	16	27	22	24	19	16	3	3	0	0	56.2	38.991738706716674	21.942404756982068	850
Mavrilo	0	0	8	8	7	12	11	6	2	7	12	17	14	11	10	14	3	4	0	0	0	63.5	38.946150539085075	21.87941647365906	920
Megali_Kapsi	6	10	6	9	7	10	14	16	4	11	20	14	21	18	23	11	11	3	1	0	0	55.2	38.92742363315237	21.91193775356835	860
Merkada	12	1	7	22	24	25	16	13	19	19	20	33	26	25	25	33	23	13	0	0	0	57.8	38.94500842012509	21.912016317580044	900
Messea_Kapsi	3	0	4	1	2	4	3	2	4	2	6	4	1	4	5	6	0	2	0	0	0	51.5	38.92012684892028	21.929203346155816	490
Neochori_Tymfristou	0	2	1	1	2	2	1	3	1	1	2	6	1	12	15	10	5	3	0	0	0	67	38.96135317823681	21.868472563323838	800
Paleokastro	1	1	0	0	0	4	1	4	3	0	3	0	3	11	11	14	10	6	1	1	0	56.3	38.9829213844073	21.89922307658636	760
Perivlepto	0	1	1	2	0	2	4	3	2	1	4	3	1	4	0	0	0	0	0	0	0	61.9	39.002615779402205	21.9129078704427	850
Pitsiota	4	1	5	0	3	0	2	4	9	5	4	4	9	8	17	16	7	3	0	0	0	66.4	39.01753196108844	21.90801100460974	800
Ptelea	4	0	0	10	22	20	12	11	20	18	22	21	15	21	22	17	8	12	0	0	1	40.6	38.933696650935275	22.00864926517298	260
Aghios_Konstantinos	116	130	143	133	152	153	183	168	210	180	198	186	193	219	196	156	98	41	24	4	3	49.2	38.76038697714958	22.85650029380205	10
Agnanti	23	18	12	10	12	14	15	14	21	19	14	15	15	16	19	32	19	7	2	0	0	55	38.7129278918169	22.879832641405756	430
Amfiklia	114	127	138	133	179	229	208	231	241	203	215	179	207	169	196	175	117	85	32	13	0	50.5	38.638592301807385	22.589380921815255	400
Drymea	10	8	8	3	5	16	13	20	15	14	16	13	17	17	23	29	17	11	0	0	0	44.6	38.70760633045687	22.55947198584644	520
Bralos	4	3	3	12	5	10	11	14	11	13	25	26	34	23	17	29	17	16	7	0	0	32.8	38.72646789121072	22.463732092739328	530
Xyliki	2	0	1	2	1	2	1	3	2	0	5	4	9	8	11	11	9	1	0	0	0	41.6	38.69774085623153	22.631962694818064	630
Paleochori_Dorieon	5	4	10	4	8	13	9	10	14	22	24	23	17	18	24	27	27	20	8	0	0	35.9	38.71881795807402	22.48400812422815	486
Tithronio	2	0	2	2	0	0	2	6	6	6	9	15	12	12	8	8	4	4	3	0	0	47.6	38.713120220153854	22.581536810282966	660
Atalanti	242	265	254	289	270	311	325	365	385	380	383	304	300	269	294	244	167	94	44	11	3	79.2	38.65410374912847	22.998111683549574	85
Exarchos	36	27	26	33	40	34	41	34	57	43	41	27	52	52	55	48	31	16	2	4	0	90.3	38.58871386999113	22.943585285584096	300
Kalapodio	13	15	13	17	15	22	18	31	30	23	24	29	26	32	33	45	28	19	11	0	0	92.1	38.634559628563125	22.882936033731827	369
Kyparissi	14	1	7	1	10	17	22	9	7	11	14	24	19	1	8	15	7	6	0	1	0	76.7	38.63738679488462	23.07416115882823	40
Kyrtoni	11	22	18	16	22	19	22	24	25	29	32	27	39	27	41	37	17	12	5	0	0	90.3	38.585444848651875	23.03995954619481	480
Megaplatanos	21	13	18	18	24	20	28	29	30	30	21	23	26	34	34	28	9	11	0	0	1	74.4	38.6822467498927	23.000560733179235	100
Tragana	47	21	37	33	47	44	55	57	49	61	49	61	68	53	73	53	41	16	1	1	1	80.5	38.619758588579025	23.122786235290995	30
Moschochori	42	35	34	37	30	47	53	59	54	50	53	66	48	35	77	46	31	16	6	3	0	8.8	38.82794570635183	22.448809109999786	10
Vardates	7	6	10	22	14	16	18	19	21	10	15	20	13	17	18	17	6	4	1	0	0	11.8	38.80959930526404	22.412714940594228	85
Gorgopotamos	15	18	18	20	21	32	34	36	29	21	31	29	29	31	27	24	23	11	4	0	0	9.2	38.83316890370898	22.39614562365689	60
Damasta	12	7	4	18	25	21	19	10	27	29	23	35	18	35	29	28	19	15	0	0	0	13.4	38.798914583152374	22.47004697722126	60
Delfino	2	0	2	4	2	1	0	2	4	2	5	2	3	10	10	0	3	0	0	0	0	18.1	38.79111630048099	22.41520186584269	560
Dyo_Vouna	4	0	2	0	1	5	11	9	0	1	4	6	0	12	9	6	5	3	0	1	0	16.9	38.804166079588356	22.381185345339897	420
Eleftherochori	3	8	3	2	7	8	9	10	18	4	13	7	10	3	4	4	5	1	0	0	0	29.8	38.764277016613306	22.456028733440842	740
Iraklia	15	22	31	29	19	21	27	26	32	36	25	28	26	26	43	29	16	10	8	0	0	11.1	38.80569060485741	22.447121888540188	35
Koumaritsi	1	2	1	0	2	2	1	1	1	6	0	1	7	1	6	10	1	0	0	0	0	23.6	38.77209584189279	22.375054913062954	840
Neo_Krikello	19	18	13	21	30	26	35	26	37	19	40	38	42	38	33	24	18	8	2	0	0	9.4	38.824903134284845	22.432066827942847	20
Iti	7	9	6	3	8	5	10	16	12	8	12	23	20	22	18	23	7	7	6	0	0	38.5	38.74164376196654	22.402667921282085	680
Livanates	107	120	131	130	142	151	152	175	198	156	199	188	146	140	131	122	103	45	17	5	1	68.8	38.7119175565582	23.04873585095092	5
Arkitsa	31	41	46	33	42	48	48	63	59	59	66	65	68	68	67	71	28	25	8	3	0	64.4	38.7440155922389	23.03212678456904	40
Goulemio	5	4	2	6	6	8	3	8	13	8	4	6	10	5	17	14	11	1	0	0	0	62.8	38.7088805991086	22.935245355676958	425
Domokos	82	61	67	82	69	86	107	96	136	95	94	81	74	88	74	107	64	48	18	2	0	38.3	39.12724725806528	22.311307350548738	561
Achladia	0	3	1	0	1	2	0	3	0	5	0	3	4	8	8	11	2	1	0	0	0	51.1	39.172766729215596	22.41096923370887	535
Vouzio	3	3	8	6	4	9	5	7	10	10	3	5	11	11	9	15	9	0	0	0	0	43.2	39.138425009515906	22.378506016544364	440
Geraklio	0	2	1	1	0	0	0	3	7	2	1	1	1	1	2	0	0	2	0	0	0	43.1	39.14658380090149	22.369134941381173	401
Karyes	7	6	1	3	4	8	5	14	10	7	12	8	8	9	9	10	2	0	0	0	0	35	39.08179416830633	22.424686703831387	736
Lefka	5	0	9	7	5	10	6	11	7	9	6	11	11	16	15	8	11	0	0	0	0	41.2	39.10506877170948	22.351129286633988	552
Makrolivado	10	9	11	10	8	13	7	12	20	22	9	8	11	15	16	16	4	0	0	0	1	29.8	39.037402638260936	22.420190909389696	614
Mantassia	15	10	17	9	10	12	14	16	25	15	16	18	25	29	38	39	12	14	1	2	1	41.1	39.12239304213653	22.443985753312294	437
Melitea	1	7	5	2	10	13	12	6	18	10	6	1	18	25	23	37	10	9	3	0	0	33.4	39.04533025486388	22.451902886892764	560
Nea_Makrissi	4	3	9	14	4	9	2	11	17	9	9	6	1	6	15	18	15	0	0	0	0	34.3	39.07926244840063	22.350297314656153	501
Neochori	0	7	3	11	13	14	4	13	14	11	14	15	15	22	21	10	4	0	0	0	0	41.9	38.96123221298858	21.868526207504626	760
Palamas	10	12	12	17	16	11	14	25	26	20	20	14	11	22	22	30	14	7	0	0	0	26	39.02959034861309	22.40007462658721	720
Petroto	12	18	20	4	14	13	13	22	19	17	16	23	32	29	52	42	25	15	0	0	0	54	39.18861244312237	22.38973120120064	673
Polydendri	3	7	6	5	11	5	5	8	13	12	11	2	4	1	10	11	11	2	1	0	0	37.3	39.09933819192341	22.410905188487042	417
Pournari	6	11	8	4	14	15	18	8	15	11	16	19	21	24	31	36	15	4	4	0	0	44.6	39.15645359171355	22.30686597719004	233
Fyliadona	19	17	9	1	10	27	29	37	32	34	24	26	24	29	44	42	15	8	5	0	0	36.6	39.058050517249626	22.480557266508878	516
Elatia	71	108	152	145	142	117	121	166	200	205	152	138	109	106	121	129	97	62	23	7	1	67.6	38.62799237089271	22.764918343531864	180
Zelio	13	17	24	27	17	22	33	32	51	39	37	42	52	63	69	52	46	27	9	0	1	68.1	38.659340265000964	22.87588099275452	510
Lefkochori	1	4	7	0	5	4	9	5	13	8	10	3	8	7	13	13	9	4	0	0	0	70.8	38.599970581480406	22.769846149042007	162
Panagitsa	9	5	0	13	15	14	19	11	18	18	28	18	18	18	22	14	15	10	1	0	0	66.3	38.63956409283036	22.73906727287324	230
Sfaka	1	2	3	2	0	6	8	8	1	4	2	6	12	15	10	12	6	6	0	0	0	75.7	38.60927364823861	22.851659894556285	262
Raches	57	54	48	50	56	69	72	69	85	79	88	70	71	73	80	76	44	24	8	1	1	33.4	38.890391100918556	22.781180500381126	58
Achinos	32	38	48	50	26	32	45	51	68	53	61	53	51	51	42	48	42	14	6	5	0	30.5	38.89234353011834	22.724758715725844	37
Achladi	6	4	18	24	24	30	18	20	30	32	34	16	31	23	30	27	5	11	0	1	0	35.5	38.88780129475287	22.809479476844235	10
Karavomylos	35	42	20	25	27	29	48	58	39	34	46	54	41	33	44	45	26	18	6	3	0	27.3	38.88874482197196	22.706841684580688	45
Paleokerassea	14	12	8	15	11	10	17	20	16	15	12	19	20	37	31	16	13	4	1	0	0	41.5	38.929510922115796	22.73083966847618	320
Spartia	10	7	6	9	9	30	21	22	21	24	23	40	37	38	37	42	29	18	2	0	0	40.7	38.93000771402995	22.781324449048626	450
Neo_Monastiri	45	51	44	71	59	47	57	89	101	81	74	71	80	82	99	65	30	11	1	1	0	53.8	39.24188452310822	22.274541589095016	120
Agrapidia	9	5	2	4	0	11	15	11	9	6	13	9	17	17	22	8	0	4	0	0	0	50.9	39.19220400905302	22.329980166545287	284
Vardali	5	11	9	17	12	9	11	20	14	15	23	29	16	16	23	25	19	7	3	1	0	51.2	39.201420165387034	22.315348143317983	205
Velessiotes	3	13	9	1	5	1	8	15	18	15	13	15	5	25	33	29	12	4	3	1	0	49.7	39.15048533357511	22.246637438747936	207
Gavrakia	10	9	5	14	21	6	11	14	23	17	8	0	13	16	21	19	7	1	1	0	0	57	39.16177922953411	22.174647586635285	258
Ekkara	24	24	26	44	41	37	34	36	51	40	42	48	42	42	46	62	33	19	0	0	0	54.6	39.15447319330904	22.19721723564194	170
Thavmako	13	8	6	12	14	19	20	13	21	21	16	15	11	17	16	19	10	3	3	0	0	46	39.1475598569758	22.283662685041776	252
Sofiada	7	2	9	15	13	10	18	28	21	19	20	16	28	27	28	33	21	0	0	0	0	52.7	39.205080390845865	22.25202354331833	144
Kamena_Vourla	132	135	136	125	140	143	189	207	213	186	194	193	161	170	158	161	90	32	26	5	0	39.9	38.77795490380205	22.78403674958903	5
Kenourgio	51	51	62	54	64	79	86	111	83	90	82	85	106	119	88	70	49	13	10	2	0	35.4	38.79132471034816	22.7239427044036	27
Reginio	25	29	17	25	22	22	22	38	35	34	41	31	34	46	33	51	40	14	18	0	0	40.8	38.72040900451237	22.710550687179975	180
Lianokladi	44	53	47	49	51	60	72	76	81	70	84	63	56	70	64	74	47	17	7	0	0	13.1	38.91693340823702	22.303712952526567	75
Amourio	11	14	11	10	13	17	22	15	23	15	17	17	20	18	17	20	13	4	1	0	0	11.1	38.90024087642434	22.332708541635622	40
Zilevto	9	9	8	24	9	11	15	17	26	19	23	13	10	21	35	19	14	0	0	0	0	17.3	38.931349966010345	22.25971979322948	100
Moschokarya	11	7	6	12	17	21	8	5	11	14	18	16	4	13	13	21	11	7	0	0	0	27.7	38.99874781823334	22.26457789330149	650
Stirfaka	12	14	12	16	11	13	24	17	25	24	21	15	13	18	26	37	17	11	0	0	0	17.4	38.955067480854154	22.307490726913574	190
Makrakomi	99	98	113	110	129	137	134	150	168	174	152	134	122	106	143	114	98	47	14	2	1	31	38.9419834673476	22.114131853280377	250
Archanio	12	16	17	19	17	13	15	27	30	26	22	28	18	23	21	22	21	13	3	0	0	28.1	38.97272409936491	22.166612098529715	200
Asvestio	1	2	5	0	1	2	0	1	10	4	0	2	9	3	6	16	9	3	0	0	0	38.2	39.015082361119504	22.13062263214635	500
Yannitsou	5	11	7	17	15	17	13	24	20	14	24	28	31	30	36	28	28	10	5	0	0	36.6	38.99427315147546	22.1114153117617	416
Grammeni	19	16	17	11	10	20	15	28	24	28	15	17	16	19	29	26	18	7	0	0	0	25.3	38.964660457139544	22.195219437930653	180
Kastri	27	34	31	33	31	37	31	40	36	36	33	29	28	33	37	37	24	7	1	0	0	22.4	38.945930945729316	22.202677285003816	108
Litosselo	1	2	0	3	3	1	6	3	2	1	0	9	7	5	8	13	2	0	0	0	0	47.4	38.973386112879	21.99466095405835	740
Makri	6	3	12	25	17	8	16	16	22	18	26	12	15	18	25	31	26	9	2	0	0	27.6	38.94714048229833	22.143724944303198	116
Palea_Yannitsou	4	5	1	5	7	8	6	13	12	10	13	8	17	23	20	14	5	0	1	2	0	44.3	39.03368620503254	22.075617089005483	950
Pappas	0	1	2	0	2	2	3	2	6	1	4	3	2	11	10	12	3	0	0	0	0	50.6	39.06962814392844	22.069118975254902	780
Platystomo	5	13	0	8	4	9	13	17	19	14	12	19	18	20	30	28	17	11	1	0	0	32.9	38.969984423076525	22.11972224785272	190
Rovoliari	13	8	0	5	14	22	21	15	18	14	18	17	17	29	35	28	16	10	3	0	0	51.6	39.0056443486971	21.99490570175056	790
Trilofo	0	0	2	2	2	3	2	0	1	4	4	5	15	5	16	16	14	6	1	0	0	33	38.998491252326055	22.21977261732116	580
Tsoukka	13	18	12	18	16	19	21	22	29	17	24	24	24	27	48	34	22	11	2	1	0	38.5	38.95607930712068	22.05929354245024	580
Malessina	211	252	236	231	201	256	332	292	338	330	265	271	229	255	263	215	134	69	27	16	4	94.3	38.62213972611539	23.232485440084933	240
Proskynas	1	2	5	1	3	6	2	2	3	2	6	8	14	10	16	6	9	3	0	0	0	84.2	38.609939748799036	23.16702910856761	80
Molos	104	69	86	93	86	104	127	140	154	125	109	111	114	119	150	122	94	47	16	4	0	28.7	38.80897878247058	22.645461173715567	36
Aghia_Triada	15	13	11	6	17	20	29	17	19	13	22	19	18	18	10	18	11	6	0	0	0	23.8	38.81633605719698	22.601936654085826	10
Aghios_Serafim	38	38	34	28	30	42	36	43	64	53	45	33	51	49	49	52	25	9	4	2	0	33.7	38.80107218090557	22.704271867577045	30
Aghios_Charalabos	2	1	3	1	0	1	4	1	0	1	1	1	1	9	1	4	3	3	0	0	0	33.3	38.76780012140494	22.656388823135742	410
Anavra	5	3	3	2	4	9	2	3	1	11	10	11	14	6	9	11	10	4	0	0	0	70.3	39.19149106405576	22.092957713147616	440
Kallidromo	3	5	7	4	1	9	11	13	6	14	5	15	13	19	16	17	9	1	0	0	0	41.8	38.72866742160268	22.67085119059257	314
Komnina	19	10	5	4	8	13	16	16	12	12	18	12	20	15	31	20	18	5	0	0	0	37.2	38.74962900483087	22.69619824667205	125
Mendenitsa	4	6	8	8	4	7	16	5	14	17	15	11	12	18	19	29	32	13	5	0	0	30.7	38.750122806827875	22.616087418095862	560
Skarfia	20	13	16	14	20	15	25	23	24	18	20	24	30	24	33	28	24	6	0	1	0	32.2	38.81220418824738	22.68331795785121	20
Omvriaki	49	48	78	52	67	75	91	87	91	80	79	51	62	72	96	77	54	28	11	0	0	36.2	39.10119316851497	22.270642402021625	535
Aghios_Georgios_Domokou	15	11	16	15	24	25	31	13	34	18	33	14	17	20	19	20	15	8	3	2	0	38.6	39.031885580603095	22.33637262655347	510
Aghios_Stefanos	16	11	15	18	23	18	18	18	24	24	31	22	8	12	22	19	10	0	1	0	2	37.4	39.024851263892	22.253670167581586	760	
Koromilia	8	9	5	6	7	22	19	8	11	15	22	21	7	14	16	23	9	9	0	1	0	34.3	39.03570252248991	22.28420773822595	504
Makryrrachi	8	9	9	15	26	16	17	15	24	23	24	18	12	25	28	35	31	6	10	1	0	46.6	39.087170891401456	22.1545978076137	555
Xyniada	18	17	16	18	24	28	31	23	33	30	24	28	27	37	41	26	20	12	5	1	0	30.8	39.04264030948598	22.314360775774137	523
Panaghia	10	10	3	7	4	5	3	11	9	11	4	4	15	19	17	14	7	5	0	0	0	40.4	39.09453357199375	22.228444538193347	533
Perivoli_Domokou	17	20	12	9	22	33	31	23	27	24	23	21	23	24	38	45	26	13	4	0	0	45.6	39.06371504665235	22.184796205390366	491
Martino	80	80	60	85	82	111	126	115	142	127	123	121	125	132	115	123	103	40	22	11	0	93.1	38.56963248503903	23.212430932148578	300
Larymna	49	56	58	62	53	77	97	85	105	107	108	75	83	57	60	65	50	25	6	0	0	102	38.565533786872166	23.28556007636265	5
Pelasghia	56	73	73	63	93	97	88	95	102	98	103	105	96	102	124	103	79	37	19	8	1	49.3	38.948287331014434	22.84005209482299	238
Vathykilo	4	5	11	10	9	12	14	14	9	9	11	12	17	13	20	11	10	3	0	0	0	48.3	38.94864864007113	22.910231599670293	100
Glyfa	25	18	22	25	44	34	50	41	43	42	46	52	51	54	49	31	26	10	7	2	1	57.9	38.95347610825445	22.966905102857027	30
Myli	5	3	5	18	19	16	17	24	21	14	22	28	23	28	39	41	31	15	5	4	0	45.4	38.96631898767066	22.80562488929787	524
Sperchiada	103	112	158	166	128	147	165	145	202	227	154	146	126	134	145	182	136	74	31	10	0	33.6	38.90774251102265	22.127373612604924	230
Aghios_Sostis	11	4	7	7	13	13	10	17	12	12	17	13	24	29	41	25	30	13	7	1	1	31.4	38.89662798309474	22.16321988932713	270
Anatoli	3	0	12	11	13	12	1	5	8	22	12	8	11	9	9	5	12	10	3	0	0	62.5	38.77066867167468	22.126009225627932	1200
Argyria	17	13	11	15	18	20	30	20	21	18	18	20	15	15	18	15	12	5	0	0	2	53.4	38.79643332077077	22.0551854229952	750
Gardikio	6	7	9	8	10	6	12	17	20	18	28	23	26	31	21	35	37	14	1	0	0	55.9	38.835757811846214	21.972796330610326	1000
Kallithea_Sperchiadas	8	13	6	2	5	11	22	16	5	14	13	17	19	22	21	27	8	10	3	0	0	30.6	38.90319970591001	22.158023227624373	188
Kabia	4	16	4	1	5	3	11	13	6	0	11	11	16	10	16	16	9	3	0	1	0	47.6	38.87008266070573	22.0429470409731	469
Kanalia	4	11	12	8	5	14	14	14	23	13	20	17	20	31	32	28	22	13	3	0	0	50.8	38.87398394741719	21.965399312279114	655
Klonio	3	8	4	9	5	9	10	16	10	14	15	18	14	20	18	21	16	14	0	0	0	35.1	38.90472346389998	22.102891412279728	320
Kolokythia	3	2	2	1	4	5	8	5	1	6	9	9	6	15	10	16	12	5	0	0	1	54.6	38.788000288288515	22.07898144800613	900
Kyriakochori	0	4	4	15	13	5	5	6	14	11	11	12	10	12	17	25	19	7	0	0	0	60.4	38.82333104922732	22.013752055939143	915
Lefkada	19	11	10	20	23	37	22	20	28	18	23	29	21	27	19	28	19	13	3	4	0	44.1	38.90963986487398	21.996345005421055	350
Marmara	3	0	2	0	10	8	10	11	10	15	16	15	15	20	26	26	28	12	4	0	0	52.2	38.80409294211508	22.107961762856753	850
Messopotamia	11	5	9	9	21	14	23	25	26	33	29	23	15	23	31	38	33	9	0	0	0	27.4	38.924625571166644	22.166074308054107	125
Nikolitsio	1	1	2	1	1	2	1	6	1	2	4	0	4	5	10	4	3	0	0	0	0	52.2	38.83716649957114	22.044062808170608	660
Paleovracha	13	13	9	15	22	29	18	20	32	25	28	28	30	24	33	29	27	14	7	3	0	37.9	38.899485792377	22.06082410863807	440
Paleochori_Tymfristou	1	2	1	0	4	0	8	1	0	7	9	18	12	11	6	16	19	5	0	0	0	59.4	38.824432	21.9231289	950
Perivoli_Fthiotidas	1	0	0	5	11	3	6	3	2	11	4	7	10	12	15	18	7	12	0	0	0	45.6	38.8884575	22.1919545	475
Pitsio	1	1	2	2	4	0	0	5	4	5	8	3	13	10	6	13	11	1	0	0	0	51.8	38.886421122995735	21.96000606702962	780
Platanos	0	5	3	0	1	2	5	2	1	4	6	3	12	13	4	9	6	7	1	0	0	61.7	38.82080713853352	 21.99384307154352	880
Pougakia	1	3	1	1	1	14	10	15	14	9	9	15	18	17	32	17	17	9	4	1	0	62.1	38.85083012248886	21.930144137148734	927
Fteri	16	12	21	23	16	27	40	39	26	23	39	40	28	51	46	38	35	17	10	4	0	38.9	38.90062951215108	22.047201368392553	411
Stylida	227	217	249	249	251	319	319	323	358	334	383	321	288	273	270	276	210	98	35	11	0	16.7	38.91418633909014	22.61275350964454	25
Aghia_Marina_Fthiotidas	13	14	16	12	18	22	27	20	23	29	31	23	22	23	18	27	14	3	0	0	0	15.3	38.89484793856574	22.583183659126934	5
Anydro	6	3	3	1	5	10	13	17	8	10	11	4	16	12	18	5	9	5	1	0	0	27.9	38.922561084522016	22.701819231330944	260
Avlaki	15	6	13	25	31	37	34	31	30	27	38	27	39	29	29	29	20	10	1	0	0	11.5	38.908747121393866	22.558155322424195	70
Logitsio	0	1	2	4	3	1	4	1	4	4	3	7	2	0	6	2	4	0	0	0	0	29.1	38.98628339364858	22.564911012834948	780
Neraida	2	0	3	1	0	1	7	5	2	4	7	8	12	11	6	7	5	0	3	0	0	29.5	38.95390268777533	22.63883504771928	512
Kato_Tithorea	70	90	101	118	115	85	122	137	131	140	132	107	99	81	88	89	83	37	14	2	0	64.3	38.60786416767227	22.712761055428434	160
Aghia_Marina_Lokridas	0	8	13	13	13	8	8	10	23	16	17	15	14	15	17	18	20	0	1	0	1	67.8	38.56832499066646	22.70565570196792	350
Aghia_Paraskevi	3	4	8	9	7	11	14	1	7	12	12	17	15	16	12	7	14	11	0	0	0	67	38.58400669196184	22.74204024614895	150
Modio	4	6	11	12	21	21	16	15	23	14	12	13	14	22	36	32	28	13	3	1	0	53.9	38.662037300062664	22.671104996930268	440
Tithorea	16	16	24	16	20	17	28	39	35	34	39	44	45	60	65	48	48	23	12	1	0	67.7	38.584760622855434	22.668465802262045	440
Ypati	11	18	18	30	26	27	22	32	42	36	31	31	38	37	57	43	37	15	1	0	0	22.1	38.87181260622597	22.239943821544692	400
Argyrochori	9	4	9	3	7	13	8	9	13	17	12	11	15	12	23	24	6	6	0	0	0	20.5	38.87653067248055	22.252056451420348	260
Vassilika	8	4	14	7	2	8	21	9	17	10	11	4	13	9	14	18	11	1	1	0	0	23	38.89520502242479	22.211118091375578	140
Dafni	3	1	11	3	5	2	6	5	8	15	10	9	4	5	3	12	2	0	0	0	0	80.8	38.752629973981556	22.156366727101542	1120
Kastanea	6	9	10	13	11	13	20	17	18	19	22	20	20	14	18	18	12	4	4	0	0	30.3	38.847178514703145	22.21112404007512	1050
Kobotades	19	15	38	34	23	20	26	33	41	57	29	29	26	32	50	28	23	13	1	2	0	10.4	38.86795041241404	22.348805499663584	60
Ladikou	13	0	7	24	21	23	17	20	17	22	26	16	19	17	20	19	13	4	1	0	0	21.6	38.89995313313768	22.22775797021178	140
Loutra_Ypatis	21	19	20	16	19	26	31	29	38	33	26	23	23	29	45	37	24	16	4	0	0	17.5	38.894114115648435	22.277551627168588	90
Lychno	1	2	10	5	4	7	1	1	6	15	14	9	10	9	20	22	3	10	0	0	0	34.1	38.86420493777628	22.198191662018992	680
Mexiates	23	28	25	25	29	28	31	52	41	32	48	34	32	42	47	53	27	17	2	1	1	14.2	38.88323083302269	22.31312198510013	60
Messochori_Ypatis	1	6	1	10	3	5	3	2	0	10	4	4	7	4	11	9	0	0	0	0	0	33.9	38.85986310160276	22.178210861499164	640
Neochori_Ypatis	10	11	10	13	10	6	7	19	20	11	17	13	11	15	18	3	3	0	0	0	0	42.9	38.79823597020688	22.198198562797483	1240
Peristeri	2	1	6	0	1	3	1	7	4	12	6	9	7	9	11	12	5	0	0	0	0	38.5	38.8334191243742	22.161416861210135	620
Pyrgos	3	2	0	1	1	6	1	10	5	6	6	8	10	8	10	14	4	2	9	0	0	43.2	38.81392230558409	22.171569967057636	740
Rodonia	7	25	26	25	24	20	21	32	25	31	31	29	35	23	27	41	16	12	5	0	0	23.5	38.91994452294036	22.230775433184053	95
Sykas_Ypatis	13	6	2	6	4	13	22	16	17	11	10	9	12	18	28	17	10	1	1	0	0	26.8	38.88199312566755	22.19668061995167	250
Pavliani	13	12	18	16	28	38	24	25	18	47	50	31	33	23	35	32	41	10	4	0	0	48.2	38.74055219460519	22.33703230964349	1040
Tymfristos	12	6	11	12	17	26	29	20	36	16	34	28	32	32	39	34	22	20	8	0	0	56.6	38.91014495336285	21.91599981783913	859

